[ 14.17275887 309.1080216    5.        ]
[  1.16602468 940.21419588   5.        ]
[256.68494324 720.7418998    5.        ]
[521.96564316 711.50779834   5.        ]
[722.50626242 447.80328526   5.        ]
[ 7.13264132 66.08053903  5.        ]
[ 18.1252242  275.40322709   5.        ]
[ 39.73292709 879.08851046   5.        ]
[389.8243104  385.13483209   5.        ]
[247.14789428 711.55073852   5.        ]
[289.1326687  522.01339789   5.        ]
[845.14654839 885.46166791   5.        ]
[131.51601693 832.93521341   5.        ]
[398.37041469 240.87182599   5.        ]
[534.47137732  92.42939679   5.        ]
[ 49.99248893 724.75677192   5.        ]
[927.04388916 153.33220914   5.        ]
[ 21.59411801 334.87639654   5.        ]
[899.03831801 247.27252936   5.        ]
[236.10197341 256.08619207   5.        ]
