[223.21360672 158.6433334    5.        ]
[ 39.75754083 826.50315843   5.        ]
[474.54448004 902.20455393   5.        ]
[ 89.55788601 702.36010088   5.        ]
[452.70439305 888.33142154   5.        ]
[328.14816682  31.60334581   5.        ]
[182.04381225 351.8039597    5.        ]
[ 14.85431273 507.16536475   5.        ]
[164.19075731 172.11046481   5.        ]
[  1.06798394 976.91250779   5.        ]
[ 67.38139064 888.00169378   5.        ]
[911.15657984 962.04959718   5.        ]
[257.71064978 932.29913719   5.        ]
[712.30526246 284.98971008   5.        ]
[522.74424426 231.08456708   5.        ]
[ 36.04452507 911.23331918   5.        ]
[963.18080212 393.70978507   5.        ]
[104.64618462 705.97208914   5.        ]
[763.34261841 333.21422816   5.        ]
[558.75918675  83.28437192   5.        ]
