[245.89106455 376.75140706   5.        ]
[ 13.49521419 782.77037881   5.        ]
[ 92.61782525 584.0847898    5.        ]
[847.60617079 718.39680756   5.        ]
[925.69045984 116.04740817   5.        ]
[179.63600839   6.39867828   5.        ]
[133.17515276  18.69830372   5.        ]
[104.11863032 921.23406662   5.        ]
[559.76695621 545.58049322   5.        ]
[451.44732625 492.79021237   5.        ]
[456.15126318 246.35838786   5.        ]
[694.57899186 819.21870482   5.        ]
[ 24.07293285 629.51295016   5.        ]
[162.01778051 207.65672357   5.        ]
[542.79810512   2.75456374   5.        ]
[ 60.49720573 584.31452973   5.        ]
[918.74117237   4.19807361   5.        ]
[105.94224164 205.65854849   5.        ]
[1000.          183.31802006    5.        ]
[  0.         382.53989926   5.        ]
